107468603
27454697
27673989
27721895
70206383
70206382
194943929
174007438
170211543
170211542
100825521
156669329
117203532
163923884
27753407
82046512
48208551
27721999
62474972
91129338
76836480
63873461
65914888
103494477
80147812
100392483
144895569
97790420
102845356
27703493
125837469
80147794
27671287
138940485
145730646
27734602
119855389
167000455
120894466
69518424
69518422
97329414
111326525
27480774
62475281
147414821
87013503
63022466
99467349
62475387
74316505
78044334
97928466
80077451
111496335
85647380
167931486
144357479
74234374
89306391
122946553
76836387
148705420
152458462
148266681
87920369
165162536
96529495
139480530
108548388
128489339
108196507
27605193
27707977
27649528
27610836
103094477
103338465
27769782
62474639
27462954
117045385
120894387
27677187
153007653
76936432
74316452
97141349
59452350
109334440
62474901
83341402
96126461
27698432
62474633
59356389
163924088
73387468
147593390
83034410
66397340
134365490
171088677
120944503
111886481
72308435
109154433
106119339
174674515
92962576
148981563
91397359
74498468
103304620
102813406
106805439
152139739
104483465
27704936
99467715
142609393
57329553
126604453
175058489
110834332
167000658
27501734
139204417
139138530
80177486
105644345
27486154
99334499
145589566
76204542
27467265
27552254
110341401
82815437
147414461
187993524
154316517
88377511
94243360
147414735
27657553
41688508
95034677
62475096
83868453
163923904
161586599
132217467
103535479
163643422
172445632
65533546
174214575
120754484
142609716
120669433
130582463
132217491
137934478
73210584
96244443
163923821
162278459
93254462
169100424
118446389
129176556
118066479
174007549
95239392
155445429
107906404
156185381
85736498
173594349
101554416
188261833
167182783
85929468
27769691
103304616
62474887
119727479
188261835
100579368
90043445
48232382
170280345
161482583
27447983
62475057
62475111
62475078
27755229
163924042
125058489
145225342
188469379
67923417
62475072
167323631
105834435
154316378
62475032
27467625
163923764
92705646
101825394
77431475
62475027
83341482
62475034
97790408
27755217
74132509
98910487
87013419
27481516
27533822
64786436
27580331
188125355
48232386
62475123
145997728
62475046
122946558
85537447
167323547
99576411
65504591
27537303
72572480
113129369
65326351
64958426
74132436
109894635
27512865
111286514
109408421
120754359
106805421
77431469
124178371
27448097
170051527
162343573
27527830
170051411
170280639
62475098
170714472
163923849
127474438
148209498
98482428
62475266
173337339
163924092
155751562
105203477
170051510
102435518
134416461
163924148
144763329
147230402
147980804
146290761
108496476
138604479
144357366
146083560
147414718
147858671
186930570
171950648
152052571
147509611
170608484
145589570
147766730
132217489
27764253
100603491
108141437
88026566
101790368
163924183
27615796
97067419
75854590
111542462
165442753
73459332
56978960
147767004
102903390
163923568
170051555
168359567
192048428
86160524
147766497
147732784
62475367
86083411
84127479
77467577
27729240
187196384
102364418
129487476
89392907
142799418
107140419
131370363
86216447
81493493
81493492
147509532
147919814
100724535
92490659
27623850
62475585
166687879
102903392
154374688
173766427
27559355
141724486
93872495
27685470
27678980
27703348
27635220
62475424
27658696
147858683
95000386
77923422
61451344
137310508
77431510
108281464
145510614
83566428
62475278
27683761
62475259
132542475
27501752
27501912
146562695
152294367
154172598
147732787
105315418
101691448
130525388
98740423
90516406
103212398
141622406
174401534
107974443
73210489
193717735
27771445
27703331
27738945
89103617
118506425
132925343
27676719
56578354
172396687
62475402
171188711
165883565
27623697
27550108
40431479
27730675
82736435
27471367
27471368
62475427
163923862
61451342
174077405
98482541
83306330
170051514
62475386
59932435
194853798
164701559
81667392
96644542
81286384
81618430
81572345
81148535
81572474
81110508
82321366
81321509
82536464
81572443
81018594
155142457
91184496
166042450
88996658
84674488
75170409
164137577
27492384
168734437
155631451
134759436
83939380
83566464
83566486
83461538
85689541
82631391
85038455
81359482
83656514
83426454
83250430
94314405
84203477
83605495
83566504
83376329
93570397
104634354
109981761
83566438
106713390
83426447
83605504
83656541
66704358
155797438
83341494
111368356
83034526
83566440
83836424
91853403
83566470
94149400
83908496
138604553
161192540
62475417
62475322
27516468
81054384
166860758
142457633
130017400
88654507
62475319
163924124
62475299
62475400
72916501
122301649
75402355
163924087
27662758
27501959
113042617
130017391
130139350
72418346
125711520
130017396
27669589
142112471
62475305
108363350
74234335
74498549
27501928
99263506
99229594
97556475
27685467
135000335
27501865
153771519
163923704
62475439
62475368
62475334
130017398
125711515
62475395
145152500
163924246
92743468
62475378
76127530
166042330
62475408
61537439
164287362
75561498
87095624
77602600
145730336
101358388
27723424
62475397
99896565
188911361
131612375
27562421
62475396
163923852
62475313
27731829
128025445
163923903
194943978
62475132
139138403
91282763
189932528
27533114
104974403
27555937
27753537
127525460
37789758
89141428
27619013
188261385
139138522
27565953
27572003
76027629
163923897
27471370
73269359
85425391
147157343
82237329
74132356
88796489
27557769
132217486
62475095
72916534
163924051
62475008
89171370
76027627
101434608
105449498
27462956
71852428
82536449
123698460
62475129
62475048
173676622
27641631
62475017
111088374
163924181
96126467
170051520
27685537
65287431
75854576
62475852
99039513
133080389
58706340
27492396
125711367
127293349
136987410
166341330
60327474
27470944
27690437
71814466
132482523
62475127
75298470
95070947
94210515
85736487
77205568
77357541
27501740
27733915
82536456
105683637
56979008
154883346
118792429
188261804
62475593
188961380
27526550
101145484
132217487
97518442
27552481
132657468
27566122
136732338
56979120
129415344
127525470
62474906
127738364
166802749
27482520
105600544
127011437
96882482
109856512
163924105
141983496
69846423
69846426
62744545
193361364
78113383
163923810
97329616
147980511
156486436
99334438
162543362
163924085
163923711
95070902
27713879
117091073
77247479
163923839
168359399
104171392
167749569
84914511
62474649
70924381
163923896
163923705
27685480
163924147
73159479
163924056
90400358
106805430
77431552
62474835
163923738
88996587
101825423
60492496
83094410
133289342
134458341
89887635
89887634
128104375
111197519
85893470
98446480
85179465
162744523
162744548
107140418
27561024
167749565
106319446
113073404
101222465
68206390
101033456
99612513
74353533
27692671
27692672
145290567
27578079
106543402
37966798
59793564
86723350
27537300
84296501
93363476
166599651
27538546
172396661
75854570
110168477
56366361
110084366
105834396
109619600
48365613
78484468
62475774
62744547
80610434
27733994
83566485
125334454
154437511
109334484
113073527
63022531
134042401
103135463
62475602
110774376
163923836
118522426
27586172
100825430
89640429
89392912
80944378
27489179
86681346
154829425
90009352
65723393
58638344
27733977
62475608
27734027
62475635
163923967
111161402
172229802
27554085
98115490
167641605
62475605
128762369
172137439
135770568
168934339
163263484
135770595
163832703
163084669
162486625
163770486
164951604
91364474
27520047
109981790
62022458
162683608
165713504
163923714
161959475
27584170
27599964
163924025
88996550
62474848
27615800
27738930
27539494
169631030
82587442
110044558
97790456
172493658
27526859
70321475
62474631
93289345
62474830
87327435
163924126
117765444
60718398
89205479
174077396
167696619
62474651
77431514
166860342
145152476
73269356
62474847
78113475
170848597
100647599
98878453
77431535
171652417
163924179
27732213
154059379
27501947
76204543
82785412
68312453
154917375
169309358
161586695
93041522
27702198
88996504
27552479
162611494
133991394
167749539
148705581
109191510
109574492
61818555
162395646
171652441
27511224
155882423
189404347
27572462
123901463
59827528
153985652
145997578
103181394
27451100
111811544
27727299
63728461
59203400
76836496
133135370
133135379
135125427
63728460
76763495
88425411
27666410
77770532
98218484
103060411
64106531
133537358
175058575
76936415
175522431
90144607
62475011
169022567
76027489
76763496
110774554
163923961
109708447
27661853
163924067
118395402
86530430
27447336
110084419
110444527
168734537
141351615
110596529
110533747
62475013
107974441
110533718
110641523
110533557
109191495
109818478
109818499
110407740
109818502
109818504
109818505
110533388
110641603
109818501
110444443
110206512
111124347
109818503
110533726
110491546
110596557
111247367
110596465
110084504
110491569
110641566
62475097
128990402
27474240
100208526
63629584
64218431
188261825
132217461
196313352
115366681
27685492
90480553
154172596
163924062
193547491
90480544
137816492
137881498
27520570
127474446
171991589
162838477
95034678
73495472
27501917
27474388
27501918
110491361
27726136
106805446
137566601
27533111
106805412
83758475
163924057
173725552
60492501
27679204
137816467
60060384
62475042
27560993
124811444
109756368
104310463
109894344
102305359
77431532
105243781
77431533
164230598
98519535
154374663
99039593
163923835
70278537
27753538
174077415
99896435
27671279
137816495
147766564
110641604
174077390
118506423
110596481
110491363
110774535
162018422
110407683
111247483
110596458
110641413
117203541
62475093
110958333
109274538
166042463
129901516
75854585
27738942
27738898
67795351
100579386
188261874
191618720
62475103
105158788
161586704
166042451
154374683
130343548
27537297
124690373
170608467
165883891
163924093
188582662
151981488
72792425
70278495
47991559
169474365
173594487
70077447
75854568
69818453
68012514
70278467
69145331
164137574
48044564
88489582
88996655
88996586
88996619
111197523
69486374
88996691
70206492
163704396
88996568
27660892
146692556
81618597
126604449
192217377
117090887
100392470
66190519
135125357
82924460
27495910
162245444
194105429
109334582
141983763
94686488
69478338
62475303
81618598
74718529
62475295
27451432
106119336
134597362
146442534
170051638
124755455
101358394
170051643
27769411
73901419
62442415
141082571
174077356
105797445
186837531
162245430
110918507
73210592
173921560
146442405
104680397
152946626
139338570
109115523
85647386
169946424
84640427
72847370
104777445
165035631
62475454
138730413
92705433
138661456
196395423
109574517
154437650
124297454
173832753
141351713
123827332
95070934
123698537
58955483
134365371
27703539
85647510
146562540
135770374
27535134
125560418
162169463
166096513
170646585
154374673
175128525
69248457
146856678
187007541
155933582
176393600
129487542
86160529
88616512
105315458
105118535
153654487
104585528
134113408
104854458
104284368
139266398
105015743
106713396
174478375
170165415
137566604
92895597
162951623
187589654
175828332
189756735
91310514
106805414
107906402
62475136
152567773
138417575
138604581
138790600
138475450
27448414
162951867
27482156
76610645
117139567
169946467
188261797
132217470
173921566
108890453
142765591
153706700
82092364
78448333
148919617
127156431
138661398
155313433
172097502
122891424
109239428
101402536
62475115
171850667
172673656
123698461
188261847
162838482
144616488
188261830
62744542
138661546
27755636
187660454
107906409
100579384
152567748
138224340
138224400
138224399
69312473
138224394
138475659
69667402
107906410
138851524
155313425
141622466
175019446
194058666
68012519
97790392
62475118
139480581
62475137
119371382
138661524
138604510
138604458
27732531
105449374
162838529
172784518
162838526
89494462
139266456
172909619
169022383
172954421
69667401
71852495
188261816
126604489
83426448
138176510
107906353
169946468
77770343
60915343
118682397
118682395
118682391
120712416
118682392
119799396
129415434
168173860
105243431
106991493
164137612
105449373
104634556
152052676
130696336
62475456
90666461
174214501
56320432
106805426
109115457
64263639
162245392
27768559
118718449
27537305
63966555
102903453
106805413
142765497
144763441
163924100
67795352
27623883
27564848
132361568
90666460
27589796
110084568
27501937
174077469
75170407
27501952
27502000
27723632
146856723
67486511
27482158
27525710
109408444
27510634
163924080
75073557
27503901
164230593
62475365
130215551
107247587
99263450
27605356
86287338
85273503
102903389
62475265
138604464
97992570
62475382
104209468
105449405
193013587
27512859
80610478
144705498
132217477
99394542
99302428
129336522
111197526
99428510
107140420
27595405
27501939
27501938
104055373
75854589
56443400
154437614
99543397
99428508
99394582
163923965
168141536
170051511
27501749
62475447
163923770
156399515
65402850
103843359
117310330
62475323
77431467
164072477
156185412
77431563
81321445
37966787
27726204
27533108
110994582
123136498
77431559
27629364
194540760
131960447
62475333
163923703
94721398
70278463
27500565
27497097
27727976
27501994
93289525
27647936
90847611
152400406
88996541
88996499
88996594
88996625
88996694
88996573
88996684
27492378
84812401
82133428
27520562
119332525
109115458
151925507
189071567
63701476
133914484
68878436
168643552
80326452
27707020
170051519
116811330
170051523
109154456
106805417
104393488
62475369
27502221
170051515
75073560
27539331
111124420
91310644
172732745
76068454
91853391
169946491
163923966
75073555
27738920
27501940
135348474
80231382
81572344
81618599
62475277
82133429
27733667
140772463
124533461
27501964
145386485
27768560
88996489
101691473
145152488
163923963
27633494
139138446
27813498
163923848
75854554
75854553
48584548
27501177
123495073
84260352
106509388
93872479
62475256
62475340
62475372
163923968
27518549
162018630
27738688
104548424
48232334
167931673
176206588
93872490
163923959
62475276
92152658
137764461
173197691
164287573
63728491
95034521
164019422
97004450
74718382
88996551
27610626
187496405
27485896
27493291
132482427
27729881
27520559
27674316
163924140
170608487
168415579
106805425
27723789
77247443
27592471
27501728
83836489
73758352
163923663
171188354
165564419
175270452
77431493
27505371
91364424
88996490
83094414
27493957
27615802
27497280
27615931
27509437
103535463
126647465
62475374
27615804
77567485
61413458
131960444
137217414
97102483
125483329
132019603
60718408
62022445
27714800
77431458
27745064
27738680
60492497
62475394
147858495
27521599
62475341
118792508
105797621
100329427
27501720
27703381
83758460
27738916
73553369
143787449
27447767
77431556
132970403
27725089
75073552
169564623
105834434
163924052
48365337
27630455
163923735
170280585
62475318
77770472
109191430
27495842
77431580
156290555
132970432
58760365
138790585
167982332
167696539
59902372
144559441
63728490
27545982
87055415
27703262
62475274
92490661
107468573
64298531
193064516
175828335
174882516
122576421
165035499
123827345
138661480
111326579
164287456
170211385
170211395
170211427
170211397
169100538
189846530
168832402
138996698
173766554
172784520
172493661
173439663
171850884
152052775
72916531
175215467
165883768
170362466
122467341
95070953
122946614
27552034
193256694
170051539
85647509
106991385
134267448
188261814
165824487
146050396
172861488
170051528
98379351
73758406
106713471
107094495
108196397
103135396
175828336
172954361
173068423
192001376
122946534
194399414
132839536
120754358
155249945
147509694
166599586
62475099
163084385
77431596
171788477
171890676
172909580
171699605
176486456
171315508
172396434
172909689
172909706
174161648
172861689
172954597
172673763
172909651
172732625
172861610
172861704
172861585
172609461
100863554
133242437
175828330
62474621
86530512
86591371
151925349
138101437
138012395
74417400
163923702
62474609
27769793
161324644
68759469
167323571
62474903
95239391
189654840
106951589
99394379
62474891
122946574
137701600
163924128
62225530
74174330
192426505
108699510
27501984
98151532
171746103
148128337
163923721
88996580
67795573
62474619
27703599
67883465
88996529
86530492
69920360
68992531
88996602
68794463
88996689
88996679
68838532
69067514
69886521
123136505
77431582
88489615
67883490
68759483
83758453
163924125
132217460
27578077
76027579
122946588
122946563
68913468
68759471
68722408
68686514
132217475
135348472
88301589
56979038
62474874
68913373
117538471
62474625
153190644
27550105
193856338
139138430
167546684
66473572
166743754
176347557
65775397
131240594
68759470
62474889
163923865
75298426
132217462
90598589
82046464
103843423
91282802
62474845
62474843
194105672
167323568
111197521
87055416
64041395
27603518
62474842
151925454
186837345
27685522
105984346
68655332
88996642
68794475
68042500
68913522
68655329
69185556
68838473
68434392
68530363
88996565
68878451
69067373
175581330
62474630
62475146
62475038
109115473
106805410
27732530
85606434
95070930
122946617
27649743
27732519
27615793
76027504
118889437
119057506
110774452
125443455
77392524
105644610
91184599
134705469
77673447
59203420
126856334
134315376
162838554
62475610
27490977
122891425
27732717
189111716
108461472
27630211
62475619
27499143
95993497
27732598
62475124
81018557
162838528
95070935
27533119
169564542
62475601
73083441
146562668
86023490
77247444
137566383
131370405
64041393
59932447
62475107
27731684
167850685
129415476
163923833
73996402
166599584
27462199
88796570
72504479
27671912
170556658
61451378
111886505
110533675
135179477
76836482
107618579
60550465
83461387
131426434
62475045
162838473
163704537
27655856
188261801
188261834
107199383
27732524
62475599
27647243
162951866
162018417
170646554
76836477
162838469
122969355
152139526
27692436
91467365
27694686
48543463
107906401
85141511
167237890
103410399
108050427
147858638
27501732
136054371
124533459
27460503
73553367
73933452
62475304
169946442
169714630
169999452
169764548
99123471
147414784
77247508
170848598
125443470
97418508
166802853
163923432
62475344
27746095
109239336
124404423
47866514
172445417
132217494
173112339
72611395
84127463
27534961
102903393
94439523
107140417
170051517
62475363
27501995
27502003
101897519
155987396
170051506
27703338
110407574
170211566
155987383
101984447
62475289
142671562
170051533
62475354
64688528
170608409
88301421
169764431
86646385
86646386
127156504
118718353
128718433
73269373
62475360
84371428
84371429
163923431
62475357
163923969
86160552
163924273
86160457
27501974
65358513
27501709
172137562
60399356
189493730
135125381
145152501
131846405
124755340
132136447
173112751
152696718
163924172
167931500
169673536
169673548
169673553
169764534
168173746
154533485
62475380
170051542
62475443
27551757
69705495
88085590
93400360
99394598
62475370
72349466
80666458
171542429
81359497
109856462
163924131
108141453
27501968
27519085
187660406
74498550
41947547
77247477
84203436
187368513
88796483
62255483
132217480
171026417
27641628
27505903
101946477
138790506
62475399
48177574
27595567
122804423
27587792
63629583
108422472
27727980
27711953
64330523
27732282
27657490
167749653
62475411
56979121
69392425
145152502
27562422
169924517
62475325
163923433
155023413
66733398
188052330
62475356
87887557
92666570
93424472
27615794
75854586
62475384
154374651
153281502
111197525
27738983
27482276
169946427
77431507
27590514
27738901
165564426
84772594
103304618
171890555
167108492
169564651
167108498
167108508
167108502
167108593
167108608
171850724
167108603
169564516
169630586
171258606
168934451
169714885
169924360
169673681
169999714
169804974
62475385
60492524
60492523
153985661
127076337
132217495
98115339
109708448
62475358
123057346
155445461
154374633
90903608
129176511
143078577
128864510
174559599
176304581
176347452
186739514
109619332
136799416
105683458
170051537
68655457
120859403
75854556
169474329
169427481
169714372
169427621
170051619
169714502
164580460
61226523
78598498
163923829
62475461
70349422
153935680
111811477
169474621
186623733
103212431
174077420
169474793
152139652
139204420
27703492
171850654
127243408
65207360
72075514
97992433
117203502
117203516
167108397
162169498
189846644
127243407
67170401
67950419
170051529
104585390
80116451
139480587
98115338
133861507
171652705
169022592
97790395
97790397
189205671
106713381
47886329
93289398
68574334
91502729
77431604
117310331
67883489
92523802
102903457
133991400
118756381
138101474
129901404
129176427
128659440
129719542
129050444
139480546
128990507
75561800
81572551
170841584
67821501
99394543
27658550
59240548
67069517
62475437
188667330
139338504
104974402
167323531
154917841
110596526
127156452
127011498
128718329
62475252
94686446
127525371
169946597
80177510
126856335
62475389
101790390
69248342
189360806
176486433
186516620
174559551
154533628
188754761
75073464
171501565
103212425
62475426
79876536
145290587
94686338
73901418
95590528
77005590
67613400
166166570
100899358
67454416
186787516
123957353
89609469
124178438
27583048
71814485
62475460
142765567
135067423
88654669
62475428
68616484
171652730
87686545
27696939
102903455
97688443
162245451
27511550
67768354
77879541
90903611
69486395
69425536
67978463
68434329
170051513
62475327
60492502
94118459
188911761
156536418
170051526
70484377
62475416
176206591
89141511
62475390
162245435
78145491
142394608
62475337
123136469
110341363
107199417
167323515
154917838
146932513
154917907
128990531
154651413
58485367
27457515
94793390
170051518
171315630
62475441
127525506
81359509
27613011
80782393
192217650
176206448
170646632
62289337
62475413
27555998
153601493
62475383
66312363
128990541
27501991
127243403
127243405
127243402
127671469
169630648
165162691
27637822
147057581
108548394
118889383
136901373
95525423
83205511
187100642
134315374
27558265
162245437
62475359
168605509
126056367
141724559
169631046
169630413
169714363
176442362
169673479
169714440
169673696
169564431
62475459
74498345
68686347
138475586
57172464
107401434
65879353
100329421
27663158
57636485
105068448
27724642
166915885
91431717
169564598
87013421
176393647
27513543
156290525
128864508
162893854
27620345
138661490
110596599
104310358
27537311
123957363
122233387
103410514
166166622
130343427
63243418
62475376
162486540
80493443
97493385
67545494
115366408
88207538
107568440
152696500
167381693
166687612
126856431
142394647
169564543
99263573
99263574
162245565
119093459
189071860
78756382
168415444
176090585
142765543
142765546
73159361
105878522
141983582
145510472
107199416
105400350
80077368
27619690
27697174
83250449
62475330
148919616
61489465
74132414
153706695
93773395
117421591
156050522
87620459
67326531
161438401
95034488
72706383
62475423
63022366
139138457
110206522
27452884
130294346
171699708
88026470
111886491
95070838
77567492
27634044
62475292
175916492
173634339
91664549
78756414
105797502
75854581
79987524
80326535
80359492
80610433
80116404
79922513
27688726
99039585
83908558
79956415
79956414
96529490
98519566
95102891
173921717
104310389
127956514
168464097
134759437
64135412
74267517
172325436
167850391
172054747
73419477
88085582
74589463
87920550
87471416
103212449
100537504
87953616
87620454
94006360
154533531
62475343
102903417
75821547
93834443
99501455
94829462
110596571
112161547
94403542
99653577
99653578
106951564
170051538
142198571
135067417
161274446
106119414
27482643
27764308
128197418
87430394
89710452
153392540
96882433
92895716
62475309
62475831
98379483
131159470
194258498
62475398
80359547
78698424
164137590
172784482
62475581
98115423
155233357
62475388
89640433
27480835
121811430
27505314
142765490
27537308
155376618
135459555
122154546
101864511
93741610
111197522
171950595
94279467
169244511
27526837
27528594
94279519
169244507
78666425
105834690
27757746
93498490
174077425
171991501
27508046
138475684
77770505
152458730
94403548
106951607
169022601
97827353
27501718
135348447
91780340
94643331
93702550
94243545
91502731
94243553
94279417
94243455
94077621
94345568
162838497
111617610
94243444
100686535
99576519
94279400
94403545
139138462
139138589
62474612
163923686
96882475
109239603
124404357
190119594
94403406
167323537
194399751
27525930
27525932
166599577
97790402
63660530
97790403
67768334
155142620
62474652
165250487
131101462
94314412
94044409
141466529
94345645
104854471
142271586
94345471
104443429
93631479
93631477
93570516
93631482
106951606
100297477
93424401
135823708
94314464
93666370
135823434
93702430
125711446
123647525
98115452
94279509
117310332
153706704
128990351
94006361
145789704
94243587
162838552
165106469
124404358
99007415
163923940
93631481
59321456
76936434
129176553
165824958
27743411
62474896
163923789
190119557
94345479
146797491
131370526
62474877
99788436
163924189
163923547
66359423
163923911
74761439
105118381
132839495
62474895
27539453
93539531
124404360
196524445
93041603
100034480
163923531
125157467
162893784
93947447
62474888
27760701
69478342
100579376
162838541
124404361
62474650
83758457
163924226
167237665
94243494
68878424
91282627
27816476
94829451
86935393
145589454
169673341
94149484
171608542
91061646
85606422
91397509
91986384
91804804
60157532
94243495
92283724
92377727
116848479
173634544
131370469
62638458
56978887
27544529
171501540
74032513
132217459
58113372
85348356
27768991
86828382
169309560
27769457
135823389
174161486
171258909
163704533
106765334
72349465
56979003
62475087
100244434
62475128
188469548
110119391
152567344
108422513
154437391
27657307
27690673
119281405
170512530
105203359
63728465
154258392
62475050
108422511
89920458
163924035
148981567
65287361
95525386
174559330
27679313
192580372
95070950
27756920
62475019
62475070
27816570
174972447
152696487
162838475
86083410
62475074
103494339
69067433
169309562
131697531
27572009
86828501
27768901
62475033
27768878
57730330
138012484
141223645
62475088
172954541
91431751
173337528
169309565
188261811
63136463
168605622
83758449
61451390
154829419
126056368
155488560
111088521
126962345
163924129
135000434
95070932
145152496
102231387
170398340
155933498
188521685
165035473
90480515
132217472
110119512
132217452
173381365
129262443
95070948
69067434
62475055
103060426
89103499
94243621
161700437
168605588
128611458
91397543
91397648
95276487
83250431
27622805
107708425
139138494
164518592
188261877
95070938
132217464
62475071
92001532
62475018
193856337
74921385
132217465
125334357
96738383
171026360
171352545
155933500
62475053
174972445
103094501
62475121
162838524
88458514
132361526
124404353
62475064
62475058
75787542
95070945
62475089
122946584
189756345
173151855
84879472
62475133
127626480
97827454
128762485
27757454
62475135
153281331
119093464
102868546
90480539
137310449
27757547
62475131
119057405
62475028
84331490
97418529
83162481
99653526
83094413
144705460
162838496
78516662
165442457
27650616
86907408
62255471
127243661
73495444
105797439
59094468
146083586
62475025
189246856
27681956
162838549
166225624
133861424
107045559
98740508
102196395
137030466
155090801
98519437
99229598
99229382
99039584
99334400
101554417
99229551
98567484
108050401
137454493
27752596
134187525
27732857
98115492
77392458
85606418
91094591
138307531
93773456
90995481
169564355
103094529
139138417
62475114
106543373
110341372
77431478
133080408
83205365
146562380
166915869
95070949
141926410
74957429
163924143
56979048
78629496
129954432
188261875
105243413
77431474
69920471
48747329
62475068
27692198
106805411
166225528
106543374
67097501
148339423
67040425
107524574
27680755
145152516
56979046
27622457
172325733
98567431
172325438
90305583
62475060
27537310
37966788
27492401
170051516
111247384
163431435
27501993
27447758
122946616
168063604
58063518
132217456
139138701
99039524
171188682
62475108
99229565
98946631
99229515
90666486
162838470
62475077
167108333
120988423
122946585
153706711
95070942
119213341
169946465
162395383
83758474
134042448
82500507
82500509
188261848
62475030
94149406
162838480
122946586
82500516
27501999
145730408
98066488
94345528
162838479
135348427
62475063
172097507
188261857
131101575
62475073
62475079
62475075
27466285
73459477
142330356
174077406
166599583
62475010
27652365
166860626
126856377
163924047
123957360
146797490
73700447
62474881
154316516
134113438
90043348
153392532
154374652
153392602
154258509
153190782
154437339
108967388
59240338
64958605
65048560
191713468
188261802
132217473
130062557
163924098
27731574
91431537
145152503
161324643
167323637
56979130
145152483
137509400
153007753
148409573
153507458
153452725
148705587
27474390
164230604
27723228
84879473
77170517
118718352
188261803
96126466
153771561
192478479
62474829
162838518
88261475
137263349
132217469
72916434
145510629
163832582
89818401
117805374
77431534
170280594
76369355
171699599
89818403
174121510
163923841
106805418
172562602
154437599
73901400
27662322
62474884
154533553
163084402
163583497
84399355
164019480
153190661
123558638
123454153
188261819
122639342
117500446
170051412
103212447
74098533
102868513
78698357
56978453
27707124
112161420
188261855
87727398
90234455
100579375
166743815
63285444
153281457
153507711
153333666
153507521
153333676
153392607
153452594
153281622
146797523
153071371
148409703
153190727
148981338
148981341
148981339
153392687
153601629
153333597
153706735
130062433
166096685
172909454
163924103
153333475
188261810
62474909
100579382
162838501
85776378
104974352
82889387
98821339
167749574
96244777
189246699
163924102
100579380
108890407
131697365
145152492
62474608
171542592
163923712
67950360
62474824
27522292
175019506
77841399
27755194
27645337
27743387
163924077
62474617
70691478
27638066
97229448
163923820
106805431
138417336
64483668
56979051
27449916
153706686
85776442
163924061
62474825
164230590
62475012
162838489
142889515
62475085
56978564
62474907
62474846
141082629
106805420
62474634
78566445
59482505
101321412
83566433
128197499
138475572
62475092
62474833
128197518
97067420
163923851
62474831
69478344
62474832
79922496
88996540
78666391
79987518
79876554
75854573
88996657
88996589
88996621
164436445
83250437
106805419
165250626
166042444
96785472
90480551
62475102
27677152
76972554
189707761
91626856
27510887
62474610
56664507
118066390
164230592
27448075
91022350
92249532
136732493
59482506
27537302
90400452
47913342
113865395
153706697
141082406
27625611
118792518
27713103
103338482
174674559
126699357
131370525
83868418
126559366
173487433
156399593
62474826
113129368
128489560
91022439
83250438
122086461
113001452
94243559
154437652
69392544
132970505
112497360
192693341
103979227
74353469
66919480
88796571
123957392
137263381
90234452
187153529
99930389
145152482
162838543
131846448
103614483
90480549
134113446
66749427
62474876
170051543
96882507
164230595
188866338
165938593
68357389
94686378
113129373
124533368
188825548
112266344
143007479
95403477
73269453
170165411
193761609
27738698
78044414
138224502
152631679
27695042
116848576
27632179
85736479
27488798
27728035
126604415
89205401
73051366
67326352
62475302
62475432
62475126
107199388
107247697
153601352
131240584
64754355
111458507
145789606
171699704
107906406
68312366
62475084
122946613
122946556
96093201
93947422
85893355
105878421
145101366
134148448
174352500
27539461
171950493
196875500
62475023
103243385
62475016
106991418
73159422
95948469
73758382
107906403
111197524
163924137
62475065
62475014
71930433
162838478
27755562
138521504
119281440
119855483
141012407
105118485
120754517
138730499
105315451
118927506
82536455
83908434
62475056
106805408
90480540
163924201
164019442
153452739
107906408
76836514
137701381
125334472
27472871
163924194
98218424
125387429
145152495
137764508
139138463
175019376
106991540
163924066
62475051
58932515
48232383
106319512
188261832
70178404
71930436
77707512
106208357
106805443
48345545
106991384
108648463
106713428
176442663
156098527
106670878
134416342
146050391
136799425
122946566
62475029
107906405
146050390
133991409
188261836
62475007
124690364
126433432
96093200
170841719
122946602
88261495
91556525
122946569
27561061
130421374
27582953
138790592
116892342
27501739
166225481
96563494
107199418
62475415
176206583
122467409
27501925
174077360
105600602
74646404
139138397
163923784
56978545
27727923
187660523
153392689
68992537
104171454
170051524
74201418
106991386
119855385
77923438
73618529
62475280
103843421
48461566
168304535
145152512
70377477
148339420
134113507
73700457
60943539
27598973
145152514
163924023
62475314
74267531
139266535
80077488
62475326
141775527
102159439
169673520
65533571
82409395
169427650
152139626
124999399
130294658
97790423
62475350
62475270
145152515
64619481
62475279
195403355
166285699
82500421
27705284
163923582
27518791
27592472
85348440
138012487
67923411
75073401
132542450
145152713
107656366
62475349
82237503
127856464
67923375
27525464
164137594
62475392
68012455
27650350
125605460
121811432
62744518
62475254
98115424
62475253
102974400
151981805
129336353
152294682
100034420
111542398
27652194
27685150
137110373
98115409
64263543
144559686
191869359
93498477
89609482
62475418
163924064
27653324
76654535
109334530
63594503
68085382
27595931
27769221
27455909
173112871
99788365
57018378
76654534
73210591
139138485
62475422
62475421
193547587
62475269
155987521
27769299
97229451
143581460
145152490
145589730
172097336
170051540
126106415
148339344
153392547
62474902
73959440
73618563
110675579
74267489
81321512
132925499
81321511
189360572
113165488
188261824
82631371
122513392
78629497
97893510
91397358
27760718
66430606
170646623
123017472
162838558
110407334
121957507
27538326
111285432
70691477
174121670
162838559
163704532
187272572
122025341
100579389
101188430
139138388
188261871
167381477
188261844
62474911
58932437
27653808
91249446
127243428
27463768
142889378
155142398
67170395
147919587
144952481
85001474
176393664
142051414
195691371
90666514
168464132
62474894
122946605
111285964
162838520
162838517
62474635
102699351
172673735
92587519
125997373
95162475
164137597
93465447
83758452
95630462
73824435
163181473
62474878
137764507
62474885
62474638
92621858
166042491
104127366
138661417
62474900
78698358
95993529
126365379
41814476
87430381
27551572
98740390
132136476
154917904
132415440
132482500
129364342
163431599
122946607
82237516
62474890
170051521
62474646
96209483
190119543
156892338
162838493
76936435
135623432
163924169
163923529
62744543
112427509
126962457
62474626
73585511
153771546
193717604
90480541
62474871
71033474
27724640
152696743
127907462
62474653
190025732
122946567
128104395
88333583
163924063
154917938
153985662
101946503
171147346
60492499
64263538
27555167
192967767
62474858
154059523
132019464
167749562
111496508
188261861
175916489
109512489
75854565
163924149
70278544
132542497
110533716
128718347
173921680
153281528
122576405
100208609
103212446
186573718
176486430
176245546
176486554
176486352
186739408
176090469
27686304
164828573
58345587
62384415
154172408
163181593
163181604
163181457
101434602
109334442
156050384
103843433
62474627
163923801
104351365
146050392
171745591
163181610
192521611
27703557
27501711
147766395
67768357
93666489
27460989
62474641
90542460
118585359
132217474
122946601
120754493
76404372
27471371
106805427
173337568
85976458
62474849
78263427
135957442
91431435
186516395
77431521
161586569
161274472
62474611
62474632
77567417
162838555
121032393
57730374
85689550
163924127
109756554
111197518
73585473
162683376
167323625
60680349
62744508
27472085
146153778
170051531
148339384
62474648
116892644
62474636
27571607
138661436
73700438
106543487
106543488
89205478
90305421
62474899
61818421
163923993
117538505
93041705
65879621
87233487
62474882
73459545
97790399
125443435
106670715
102974405
102974404
87953491
154374657
62474838
163924022
60601524
60126409
27601753
27650617
146856702
62474857
92895735
27584171
79876562
62474859
123218533
128762434
189611519
128762396
141552619
161482430
188261799
162543498
72030404
113073541
84772604
129954408
129663423
129719540
130473461
47303498
163923861
97293462
189360799
91094427
143787542
165938791
37966781
27738976
27732292
123454235
123495076
27552480
153771611
56907379
175669429
171850629
132217453
174882422
187993354
60187571
176304582
176206472
174674522
27667829
174077362
62474844
170051427
27685528
75946611
62474836
84772577
27646721
141861495
27657169
27685514
62474854
86971347
189001758
88996496
88996574
27738921
165106663
175522448
163923853
87327346
77431546
129901496
56734495
76068495
75854566
27501905
27533124
118682450
27525711
163770680
48122512
188582482
188667566
167749567
27682666
107247592
27683865
27686076
88489581
162343632
63728492
129901534
107297347
125110442
27685381
133242447
27563069
27688138
111049350
174559389
77431525
88996491
163924059
103843422
103338466
27733727
187589698
89393117
167982330
169564632
122969353
127671426
91467364
27685516
27685695
148635701
27686311
62474851
138101489
105644343
88996596
97645590
27528559
84914426
94829463
27524945
133861405
68401362
90334532
95276486
27685882
97518433
27685697
88996575
88996628
75854572
88996597
97827485
83094393
105797500
110444441
88996685
88996552
27690038
27692440
88996676
27681732
161192489
68282506
27686909
27637842
27692479
129262471
154714365
188125606
27686600
174077419
189360490
169100654
154059380
163924193
27687662
85893485
38961414
27562066
27684270
82785351
27687775
128611360
27531011
27686258
139266528
27683014
27472247
163924153
172493493
127293466
27537307
105449474
93424517
62474897
72960377
169631140
75663400
120669422
153507758
87013416
132217457
176442471
176304352
176347467
155751549
176114529
176114530
176114528
186623538
27531696
101825425
118066481
98519466
154059383
83656592
141983761
111405414
27501948
88996620
93424518
88996656
138101547
168173509
93810352
109016631
110119349
99039514
103004590
75854591
27714799
77431520
27738917
27664910
27533113
163924095
91853350
154437611
105509490
154121377
91431561
103304617
145152487
72229414
172325469
174077430
193459581
169946469
145939400
90334470
132136474
163482487
163923434
27755675
91804615
133991405
176114518
147858494
95070519
135348395
103338443
163924210
62475134
109191511
95034593
104019496
106208381
172562743
193013591
122025363
95070946
89072393
172609496
188261868
127156433
126763395
118506416
103212499
138475569
124111451
62475024
162838488
124755376
122946606
89849365
163355757
95070941
137159442
98702536
92060473
104284369
75626428
62475081
126763399
27470945
27456801
144559687
154374690
133914364
141290626
108196448
124908489
107346475
106713330
138730432
77974408
138604533
138604329
138012480
137816500
138417614
138604582
138790492
138604486
89141508
78145455
130343563
27596618
104548437
62475049
98115511
107906407
77879539
105243433
174077428
105449422
105400351
105361423
108967484
103457366
109512470
92377447
170051410
188261864
127156430
95070929
48208491
100579393
195840800
133991406
70278498
129415477
171950496
173001882
188261873
122946582
76438337
95070933
75170521
166436760
188261829
70691480
48232381
62475119
145510624
194013356
95070931
27574725
117728462
132217500
122946620
162838562
27694531
134705474
27615047
95276466
175522415
99543399
162838537
105797545
62475062
189157357
85893382
76801501
135867351
86083409
133991403
48232380
74646465
167323410
171991390
61193557
163923758
170714533
134650503
122467377
73758381
126763398
163923457
69027465
122086361
94210426
93570463
77247473
95070952
62475148
188261796
162838523
188394363
95070951
131426531
27746016
163770559
134903389
103338344
92446475
104974529
62475061
95630371
122946596
127671427
143142577
82536457
162838550
132217476
74353489
101402396
168359475
119093345
118718525
119057404
86472429
120988421
119332540
120988437
119057521
119555348
119093392
118852465
100579388
117728497
89640442
188261817
100579391
62475015
163924069
196313351
62475067
62475138
153190553
112030377
173921586
122086462
147593896
76654492
62475041
71930434
27558393
188261858
126365485
118177388
188261806
130473436
27676228
76610648
27742527
73758380
95070959
162838553
77841493
85976457
27455791
62475022
62475069
118927502
162343662
119555412
154374679
117500510
122467335
132482428
119213416
137934445
174077400
122946604
62475036
96093199
163924055
100244443
84127480
122946587
77770439
162838483
169521527
122946592
61193558
27455245
106805415
188261859
62475091
106805429
100579383
90542432
174674622
122946597
70691476
76836503
73618498
154437613
75106410
75298456
83426452
112030497
89818423
73618499
76284429
75477364
75402375
87013457
94793454
190119674
190119670
122946559
48177564
62475144
90480542
71930432
27628262
101984379
171315461
75261475
75214556
75261411
77467536
99263336
170556614
27501735
188261805
170556396
170556410
27543690
90598591
62475080
95667416
70278547
171950553
91919531
98519453
132217455
189246729
111285851
139138460
91919530
131240624
188261378
153821665
111734482
86216510
68357348
129097355
172609610
98379482
63728469
56978693
27685503
139480473
27639519
153139685
86023510
163923812
27535651
74132507
101434604
27749417
111285430
100034490
73901405
148981613
27749470
89457480
173676552
137400599
111285556
62474654
37966797
106805424
27707158
83605331
172732424
27709355
80177501
145152505
195798617
154172594
155882485
153507692
154227329
153392514
154829563
155313487
74390348
191618718
122891376
187153472
167182634
27748811
83341434
154121500
153281624
151852746
154059681
153935682
153821695
153935708
148578728
165035486
153935685
168252691
189360708
127626478
165287601
165938635
85606443
172609505
129097358
154651361
48503555
163924152
27661384
153985649
170714513
164019411
127525468
27739060
89710400
122946591
167323635
155313415
72308451
27665015
108461337
84772601
122946564
77431538
37966814
27524605
137110391
109619582
119555402
163923761
62474841
62474642
188261849
119332538
131240362
99612624
104310401
48269416
167749552
167749563
167749554
132217458
62474640
145789715
100034452
27537295
155090748
154533536
163084606
64364415
162838546
126699469
62474840
188261837
98115337
161151373
138012513
135589350
116963389
56879533
148578394
77247571
27729446
163924150
164019413
100579377
75747330
163924157
101434603
96429483
62474629
72706386
38961653
162838502
62474834
27650325
62474837
69478345
62474623
106805423
83758456
145152506
162838544
62474622
122946589
62474886
128197500
163923717
96563481
27748784
144895580
142112422
109057506
146932514
62474618
109574489
149061700
69478343
62475391
153071673
168173706
154437471
27486963
73387550
126604423
62475285
27768240
59054524
153452547
111853515
105834946
110044563
62475429
163924212
161438600
123827331
62475293
174258465
171950448
73419476
176114543
136901381
155313389
172673543
166802570
153007342
170051534
84640365
122301536
88085583
191713638
82200438
87511520
168141605
187153800
117765345
27511223
27613012
62475393
170051522
100825503
110675541
174077395
162395606
27636312
173634583
169100657
27557965
161700594
161438419
27636990
163263510
161900403
161586642
129615364
161959548
162683702
155882415
27634880
27726471
154374677
161438461
161751571
82997459
166042449
77431578
84469403
144952357
62475446
62475373
146153733
27603520
87233450
111049578
62475463
163924029
62475267
171991614
163923822
173970581
130582510
146050377
163923781
62475331
166379881
170714537
111197527
88425522
126856451
103843403
113129358
62475420
94475391
171850595
160968365
62475308
133289516
108099406
173068661
101284448
62475345
27624506
77280475
171258635
170051525
80535376
134538462
27634538
127011401
163924090
85976558
86392426
174007732
169764556
62475260
139480528
62475431
188521512
61094344
62475582
189493349
156486544
27574273
87818421
82046467
170714536
27521640
170051536
145152484
163924186
108009445
167381594
83250434
62475412
27734550
27638392
27629747
174077357
27629749
105834913
163924296
90200404
91588682
155933334
73159426
62475290
62475251
27501934
176206587
89609389
67138433
100119546
140719504
139138391
56734461
145152486
153007701
106805422
163923525
163924252
62475264
62475328
62475338
62475315
154917992
27501751
88654596
73001645
112730423
77637474
62475346
169244414
27839509
97893416
161151428
161078359
59635469
162102586
27634834
155882427
71930485
156838590
155882419
161700442
155882411
27646263
64449566
162018579
161843382
155882401
103338490
146932416
27692441
96209409
162102552
161586705
160968428
100937533
134458510
92490585
27685508
154533543
27460661
118395530
154374686
62475451
120859401
154374642
193717736
123495105
173921415
147157394
103892427
77707554
165502420
83758464
27636281
27510633
118756397
163923480
73210506
83605346
106805407
163923876
188349474
95590498
140772564
132217496
27684889
27501943
100244488
166743625
86971606
27738717
171542426
87953443
27674977
62475353
89640436
141223474
92666423
68686346
153601498
73387522
131370492
147766761